tileList = [
  ["Safe",3, [82, 133, 74]],
  ["Stairs",3, [62, 73, 88]],
  ["Walkway",3, [167, 217, 246]],
  ["Laboratory",2, [167, 217, 246]],
  ["Lavatory",1, [167, 217, 246]],
  ["Service Duct",2, [93, 84, 29]],
  ["Secret Door",2, [93, 84, 29]],
  ["Computer",3, [162, 148, 172]],
  ["Camera",4, [152, 11, 31]],
  ["Laser",3, [179, 13, 19]],
  ["Motion",3, [179, 13, 19]],
  ["Detector",3, [179, 13, 19]],
  ["Fingerprint",3, [179, 13, 19]],
  ["Thermo",3, [179, 13, 19]],
  ["Keypad",3, [191, 144, 40]],
  ["Deadbolt",3, [191, 144, 40]],
  ["Foyer",2 , [206, 180, 31]],
  ["Atrium",2, [206, 180, 31]]
]